Date        Year   Year  Run  Total     Ave.  Vector   Gust    Ave.    Max.    Min.     Ave.    Max.    Min.   Precip.mm  
 01/01/2018  2018     1     1   0.077    0.89     183    7.60    -4.4     2.2    -7.8      79      91      69    0.00
 01/02/2018  2018     2     2   0.078    2.79     164   11.62     2.5     3.9    -1.1      59      66      50    0.25
 01/03/2018  2018     3     3   0.064    0.52     179    4.02    -6.2    -2.2    -9.4      81      92      65    0.00
 01/04/2018  2018     4     4   0.023    0.15     164    4.02    -7.6    -5.6   -11.1      89      92      84    0.00
 01/05/2018  2018     5     5   0.020    0.67     166    3.13   -20.7   -13.3   -23.3      74      81      71    0.00
 01/06/2018  2018     6     6   0.020    0.80     175    2.68   -16.5   -12.8   -21.1      79      85      74    0.00
 01/07/2018  2018     7     7   0.020    0.22     212    2.23   -24.0   -20.6   -28.3      70      74      64    0.00
 01/08/2018  2018     8     8   0.022    0.04     214    1.34   -31.8   -28.3   -35.0      61      65      57    0.00
 01/09/2018  2018     9     9   0.022    0.61     175    2.68   -31.9   -30.0   -33.9      60      63      58    0.00
 01/10/2018  2018    10    10   0.053    0.56     171    2.23   -29.4   -24.4   -33.3      63      68      59    0.00
 01/11/2018  2018    11    11   0.035    0.84     190    3.58   -17.9    -7.2   -29.4      76      86      64    0.00
 01/12/2018  2018    12    12   0.033    1.23     211    4.92    -7.2    -2.8   -12.2      81      87      73    0.00
 01/13/2018  2018    13    13   0.038    1.21     184    9.39    -1.8     3.9   -11.1      71      82      64    0.51
 01/14/2018  2018    14    14   0.115    0.65     180    4.92    -4.4     1.1    -7.8      80      88      66    0.00
 01/15/2018  2018    15    15   0.048    0.37     157    2.68    -5.6    -2.8   -10.6      91      94      84    0.00
 01/16/2018  2018    16    16   0.040    0.56     179    4.47    -5.2     1.7   -10.6      92      96      88    0.25
 01/17/2018  2018    17    17   0.123    0.89     186    4.47    -4.0     1.1   -10.0      90      96      83    4.06
 01/18/2018  2018    18    18   0.089    0.76      78    5.36    -9.1    -6.7   -14.4      89      91      83    0.00
 01/19/2018  2018    19    19   0.092    1.97     340    8.05   -11.0    -7.2   -14.4      85      90      80    0.00
 01/20/2018  2018    20    20   0.070    2.29     337    8.05   -20.7   -15.0   -26.7      73      81      66    0.00
 01/21/2018  2018    21    21   0.055    0.47     191    5.36   -28.7   -23.9   -32.2      64      68      60    0.00
 01/22/2018  2018    22    22   0.072    1.82     338    7.60   -23.2   -22.2   -23.9      68      70      67    0.00
 01/23/2018  2018    23    23   0.044    1.77     331    7.60   -25.0   -23.3   -28.3      67      68      64    0.00
 01/24/2018  2018    24    24   0.048    2.42     329    8.49   -28.9   -28.3   -29.4      62      64      59    0.00
 01/25/2018  2018    25    25   0.048    2.10     337    7.15   -31.0   -29.4   -35.0      59      60      58    0.00
 01/26/2018  2018    26    26   0.060    0.24     169    2.23   -34.6   -29.4   -37.8      56      59      54    0.00
 01/27/2018  2018    27    27   0.046    0.17     161    1.79   -33.0   -25.6   -36.1      58      61      56    0.00
 01/28/2018  2018    28    28   0.073    0.78     168    8.49   -29.6   -21.7   -35.5      62      73      56    0.00
 01/29/2018  2018    29    29   0.068    0.69     151    8.05   -28.5   -21.7   -32.8      64      72      60    0.00
 01/30/2018  2018    30    30   0.075    2.23     335   11.18   -23.9   -19.4   -32.8      68      74      60    0.00
 01/31/2018  2018    31    31   0.077    0.28     171    2.68   -32.2   -23.9   -36.7      59      64      55    0.00
 02/01/2018  2018    32    32   0.084    0.60     166    3.13   -33.9   -24.4   -38.9      57      63      53    0.00
 02/02/2018  2018    33    33   0.095    0.71     167    3.13   -31.2   -21.1   -36.7      60      66      55    0.00
 02/03/2018  2018    34    34   0.103    0.99     166    3.58   -27.6   -17.2   -32.8      64      70      59    0.00
 02/04/2018  2018    35    35   0.108    0.73     179    3.13   -25.8   -17.2   -30.6      65      71      62    0.00
 02/05/2018  2018    36    36   0.114    0.73     180    3.58   -23.9   -15.6   -29.4      68      75      62    0.00
 02/06/2018  2018    37    37   0.123    0.47     178    2.68   -23.6   -13.9   -30.0      69      72      63    0.00
 02/07/2018  2018    38    38   0.117    0.41     167    2.68   -26.4   -17.8   -32.2      66      76      60    0.00
 02/08/2018  2018    39    39   0.186    1.04     179    3.13   -24.4   -13.3   -31.1      67      75      61    0.00
 02/09/2018  2018    40    40   0.194    2.12     192    8.05   -16.6    -7.2   -27.8      57      73      39    0.00
 02/10/2018  2018    41    41   0.451    1.71     191    7.60    -7.8    -3.3   -12.2      45      72      27    0.00
 02/11/2018  2018    42    42   0.534    1.88     170    9.39    -1.9     1.1    -7.8      57      73      35    0.00
 02/12/2018  2018    43    43   0.422    1.28     160    8.49    -0.4     1.7    -2.8      75      95      60    0.76
 02/13/2018  2018    44    44   0.902    1.12     278   10.73    -3.4     1.7    -8.3      72      85      50    0.76
 02/14/2018  2018    45    45   0.491    0.84     163    6.26    -4.1    -0.6    -8.3      78      92      57    0.00
 02/15/2018  2018    46    46   0.408    1.01     272    7.60    -6.9    -0.6   -20.6      75      93      58    0.25
 02/16/2018  2018    47    47   0.616    0.63     166    2.23   -19.1    -9.4   -24.4      71      77      54    0.00
 02/17/2018  2018    48    48   0.371    0.45     173    2.68   -11.9    -1.7   -17.2      78      84      65    0.25
 02/18/2018  2018    49    49   0.498    1.04     172    7.60    -7.2     1.1   -17.8      67      88      36    0.00
 02/19/2018  2018    50    50   0.412    0.58     173    3.13    -7.4    -1.7   -10.6      79      89      60    0.00
 02/20/2018  2018    51    51   0.666    0.60     188    9.39    -8.7     2.8   -18.9      74      87      43    1.52
 02/21/2018  2018    52    52   0.493    1.19     168    7.60   -10.6    -0.6   -22.2      67      78      54    0.00
 02/22/2018  2018    53    53   0.102    1.30     204   12.07    -3.0    -0.6    -6.7      79      92      59    0.00
 02/23/2018  2018    54    54   0.410    2.05     241   10.73    -9.1    -4.4   -14.4      58      72      38    0.00
 02/24/2018  2018    55    55   0.196    1.36     235    8.05   -10.2    -6.7   -13.3      70      80      56    0.25
 02/25/2018  2018    56    56   1.376    1.34     192    7.60   -12.0    -7.8   -17.2      59      78      38    0.00
 02/26/2018  2018    57    57   0.522    2.53     157   12.96    -9.7    -6.7   -14.4      59      85      51    0.00
 02/27/2018  2018    58    58   0.542    0.95     172    8.94   -13.9   -10.6   -17.2      68      80      56    0.00
 02/28/2018  2018    59    59   0.882    0.84     340    6.71   -19.1   -11.1   -31.7      54      65      37    0.00
 03/01/2018  2018    60    60   1.379    1.04     163    4.02   -21.9    -7.2   -35.5      46      60      22    0.00
 03/02/2018  2018    61    61   1.229    0.65     171    6.71   -11.3    -1.7   -18.9      54      86      25    0.00
 03/03/2018  2018    62    62   0.521    1.27     337    8.94   -11.8   -10.6   -13.3      77      84      68    0.00
 03/04/2018  2018    63    63   1.439    0.54     180    4.47   -10.7    -1.7   -18.9      72      84      45    0.51
 03/05/2018  2018    64    64   0.605    0.54     177    2.68   -13.1    -6.1   -21.1      77      87      60    0.00
 03/06/2018  2018    65    65   0.310    1.17     170    5.81   -10.6    -4.4   -21.1      68      84      56    0.00
 03/07/2018  2018    66    66   1.572    0.91     179    4.92    -9.4     0.0   -16.1      63      80      39    1.78
 03/08/2018  2018    67    67   1.478    1.45     173    8.05    -4.4    -0.6    -8.9      55      73      40    0.00
 03/09/2018  2018    68    68   1.523    1.56     179    8.94    -2.9     2.2    -9.4      56      76      36    0.76
 03/10/2018  2018    69    69   2.128    1.62     163    8.05    -3.4     1.7   -11.7      50      71      33    1.27
 03/11/2018  2018    70    70   1.529    0.65     166    3.13    -8.7    -0.6   -18.9      63      80      35    0.00
 03/12/2018  2018    71    71   1.822    1.71     160    9.84    -2.7     2.2    -8.3      56      79      37    0.00
 03/13/2018  2018    72    72   2.540    1.12     164    7.15    -1.6     7.8    -9.4      57      84      38    5.08
 03/14/2018  2018    73    73   0.335    1.08     333    4.47    -3.1    -0.6    -5.0      87      93      79    0.51
 03/15/2018  2018    74    74   1.759    1.10     317    5.36    -5.2     0.0    -9.4      77      89      58    2.54
 03/16/2018  2018    75    75   1.485    1.43     159    8.49    -0.2     4.4    -6.7      73      90      59    3.05
 03/17/2018  2018    76    76   2.504    0.95     156    7.15    -0.4     7.8    -8.9      67      90      39    0.25
 03/18/2018  2018    77    77   2.162    1.28     143    8.49     0.1     6.7    -5.6      67      86      42    0.00
 03/19/2018  2018    78    78   0.863    1.40     254    8.49    -2.5     0.0    -7.8      64      92      46    0.76
 03/20/2018  2018    79    79   0.161    1.06     216    9.39    -6.4    -2.8    -8.9      84      89      74    0.00
 03/21/2018  2018    80    80   0.619    1.30     337    7.60    -8.9    -3.3   -20.0      70      86      45    2.79
 03/22/2018  2018    81    81   1.027    1.02     176    4.02   -14.5     0.0   -28.9      55      72      30    2.29
 03/23/2018  2018    82    82   3.437    1.47     281    9.39   -11.4     0.0   -24.4      53      74      28    1.27
 03/24/2018  2018    83    83   3.628    0.91     222    4.92    -9.3     1.1   -21.7      49      69      25    1.27
 03/25/2018  2018    84    84   3.709    1.17     163    7.15   -12.0     3.3   -27.2      40      67      12    0.76
 03/26/2018  2018    85    85   3.820    1.27     161    6.71   -11.7     2.2   -26.1      39      62      16    0.00
 03/27/2018  2018    86    86   3.894    1.19     161    5.81   -10.6     2.8   -26.1      41      66      19    0.00
 03/28/2018  2018    87    87   3.904    1.27     163    7.15    -4.6     4.4   -15.6      54      73      36    0.00
 03/29/2018  2018    88    88   2.399    1.10     346    5.81    -5.2     0.0   -11.7      68      82      49    0.00
 03/30/2018  2018    89    89   3.002    1.36     331    5.81    -4.8     0.6    -8.3      70      87      47    0.25
 03/31/2018  2018    90    90   2.638    0.35     162    4.92    -7.2    -1.1   -18.3      73      91      37    0.00
 04/01/2018  2018    91    91   0.861    1.06     314    9.84    -4.4    -0.6   -12.2      83      92      61    0.00
 04/02/2018  2018    92    92   4.055    1.10     310    5.81    -8.7     0.6   -21.7      59      88      29    4.83
 04/03/2018  2018    93    93   4.426    1.01      28    9.84   -15.9    -2.2   -28.9      48      69      25    0.00
 04/04/2018  2018    94    94   4.032    1.56     168    8.05    -9.8     1.7   -28.9      46      65      29    0.00
 04/05/2018  2018    95    95   3.552    1.45     185    7.60    -0.5     6.1    -8.3      38      57      21    0.00
 04/06/2018  2018    96    96   4.230    1.43     248    8.05    -4.9     6.7   -18.3      47      70      18    0.00
 04/07/2018  2018    97    97   4.817    1.16      67    7.15    -4.7     5.0   -17.8      51      78      28    0.00
 04/08/2018  2018    98    98   4.891    1.21     164    7.15    -2.3    10.6   -17.8      50      79      25    0.00
 04/09/2018  2018    99    99   4.840    1.21     168    6.71     1.7    12.8   -10.0      55      82      27    0.00
 04/10/2018  2018   100   100   4.060    1.30      49    8.49     1.6    10.0    -8.3      59      90      36    0.00
 04/11/2018  2018   101   101   4.172    1.64     157    8.05     5.0    12.2    -2.8      55      80      36    0.00
 04/12/2018  2018   102   102   4.706    0.84     165    5.36     3.5    13.9    -6.7      58      91      27    0.00
 04/13/2018  2018   103   103   5.067    1.90     348    8.49    -0.7     7.8    -8.3      70      89      47    0.00
 04/14/2018  2018   104   104   5.211    2.10     348    8.05    -1.6     3.9    -8.3      59      82      35    0.00
 04/15/2018  2018   105   105   5.741    1.16     168    6.26    -2.2     8.3   -15.0      50      82      25    0.00
 04/16/2018  2018   106   106   5.885    1.25     162    6.71    -0.4    10.0   -11.7      41      77      13    0.00
 04/17/2018  2018   107   107   5.923    1.43     177    7.60    -1.2     8.3   -13.9      42      76      21    0.00
 04/18/2018  2018   108   108   5.898    1.40     175    7.60     1.2     8.9    -7.2      47      75      27    0.00
 04/19/2018  2018   109   109   5.983    1.86     356    8.94    -1.8     6.1   -11.1      53      84      33    0.00
 04/20/2018  2018   110   110   2.082    1.77     338    8.49    -5.9    -3.9    -8.9      72      88      54    0.00
 04/21/2018  2018   111   111   3.566    1.40     169    6.71    -0.2     8.3    -9.4      65      87      35    3.30
 04/22/2018  2018   112   112   5.637    1.51     170    8.05     2.3     8.9    -7.2      53      86      31    0.25
 04/23/2018  2018   113   113   4.208    1.94     177    8.05     5.2    10.6    -0.6      56      70      38    0.00
 04/24/2018  2018   114   114   2.474    2.91     160   12.96     4.5     8.9     0.6      64      94      45    1.02
 04/25/2018  2018   115   115   3.509    2.29     156   10.28     2.2     5.6    -0.6      74      91      59    0.25
 04/26/2018  2018   116   116   5.409    1.84     152    8.49     3.2     7.2     0.0      58      86      38    0.00
 04/27/2018  2018   117   117   4.915    1.86     155   10.73     2.5     6.7    -1.7      54      74      35    0.00
 04/28/2018  2018   118   118   3.646    2.38     160    8.94     1.7     4.4    -2.2      61      77      50    0.00
 04/29/2018  2018   119   119   2.377    2.89     144   10.73     3.1     4.4     1.1      65      74      57    0.00
 04/30/2018  2018   120   120   3.749    2.09     148    9.84     3.8     6.7     1.1      64      90      44    0.00
 05/01/2018  2018   121   121   1.307    0.43     237    6.26     0.0     3.3    -4.4      86      96      73    7.62
 05/02/2018  2018   122   122   3.765    0.88     183    5.81    -0.1     6.1    -5.6      65      92      40    1.27
 05/03/2018  2018   123   123   3.463    1.86     174   10.28     1.2     5.0    -4.4      57      78      42    0.00
 05/04/2018  2018   124   124   2.840    2.31     167   11.18     4.1     8.9     0.6      63      94      43    1.52
 05/05/2018  2018   125   125   5.866    2.55     142    9.84     3.7     8.9     0.6      56      74      32    0.00
 05/06/2018  2018   126   126   5.055    1.96     153    9.39     3.3     6.7    -0.6      66      90      44    0.00
 05/07/2018  2018   127   127   6.725    1.49     171    8.49     3.4     7.8    -1.7      58      93      34    0.00
 05/08/2018  2018   128   128   6.289    1.92     169    9.39     6.6    12.2    -0.6      43      75      25    0.00
 05/09/2018  2018   129   129   6.317    1.36     172    7.15     9.7    18.9    -2.2      45      84      18    0.00
 05/10/2018  2018   130   130   5.292    2.52     180   12.07    12.8    17.2     8.3      44      57      32    0.00
 05/11/2018  2018   131   131   4.086    3.04     154   11.62     7.7    11.1     3.9      53      89      43    1.27
 05/12/2018  2018   132   132   7.277    2.16     146    8.94     6.2    10.6     2.8      53      69      36    0.00
 05/13/2018  2018   133   133   6.824    0.86     148    5.81     6.9    13.9    -2.8      47      86      23    0.00
 05/14/2018  2018   134   134   3.486    0.82     141    7.15     5.3    11.1    -1.7      61      79      35    0.00
 05/15/2018  2018   135   135   6.380    1.73     166    8.49     5.3    11.1    -1.1      57      87      31    0.00
 05/16/2018  2018   136   136   4.452    1.70     163    8.05     5.7    11.1     1.1      53      72      33    0.00
 05/17/2018  2018   137   137   4.518    1.51     176    7.60     7.3    12.8     1.7      60      80      42    0.00
 05/18/2018  2018   138   138   4.221    0.78     174    5.36     8.8    15.0     2.2      73      89      43    1.27
 05/19/2018  2018   139   139   5.123    1.92     166   10.28     8.8    15.0     3.9      62      92      36    0.51
 05/20/2018  2018   140   140   5.529    1.02     162    6.71     9.4    16.7    -0.6      53      87      28    0.00
 05/21/2018  2018   141   141   6.639    1.51     171    8.05    10.7    17.8     0.6      48      86      28    0.00
 05/22/2018  2018   142   142   7.268    1.19     154    7.15     9.7    17.2    -0.6      58      85      36    0.25
 05/23/2018  2018   143   143   4.198    0.78     151    5.36     8.4    17.2     2.2      68      92      34    1.27
 05/24/2018  2018   144   144   2.917    1.06     169    6.71     6.0    11.7    -1.1      65      96      41    0.00
 05/25/2018  2018   145   145   6.482    0.76     151    6.26     7.9    16.1    -2.8      52      90      27    0.00
 05/26/2018  2018   146   146   5.960    1.34      15    8.05     8.4    17.8    -3.9      58      87      28    0.51
 05/27/2018  2018   147   147   3.713    1.27     333    6.71    10.1    13.9     5.0      60      90      39    0.00
 05/28/2018  2018   148   148   7.105    1.12      80    6.26    10.8    19.4    -2.8      50      91      23    0.00
 05/29/2018  2018   149   149   7.728    1.99     159    8.49     9.5    16.7     1.1      53      87      31    0.00
 05/30/2018  2018   150   150   6.303    1.64     168    8.05     8.6    13.9    -1.7      52      88      33    0.00
 05/31/2018  2018   151   151   6.377    1.10     329    6.71     8.4    17.8    -0.6      61      92      33    0.00
 06/01/2018  2018   152   152   6.715    1.01     278    7.15     9.5    18.3    -1.7      63      96      36    0.00
 06/02/2018  2018   153   153   6.084    0.78     210    5.36    10.1    22.8    -2.2      63      95      23    1.78
 06/03/2018  2018   154   154   7.679    1.06     140    7.15    12.8    22.2    -1.7      49      93      22    0.00
 06/04/2018  2018   155   155   5.797    1.10       1    7.60    12.9    22.2    -0.6      53      91      27    0.00
 06/05/2018  2018   156   156   7.085    0.82     348    8.94    12.8    22.8     0.0      61      96      34    0.00
 06/06/2018  2018   157   157   6.236    0.69     152    5.81    11.9    21.1     2.2      67      95      35    0.76
 06/07/2018  2018   158   158   4.441    0.69      66    7.15    11.2    17.2     5.0      72      98      44    3.30
 06/08/2018  2018   159   159   4.557    0.71     323    6.71    11.3    20.0     3.9      73     100      38    0.00
 06/09/2018  2018   160   160   5.124    0.78     185    8.49    10.1    18.9     1.1      77      99      42    1.52
 06/10/2018  2018   161   161   1.580    0.73     196    8.94     7.9    12.8     4.4      92     100      70   15.24
 06/11/2018  2018   162   162   3.896    0.99     334    7.60     5.0     9.4    -2.2      80     100      54    5.33
 06/12/2018  2018   163   163   3.987    0.63     192    5.36     5.8    12.8    -3.9      64      97      33    0.00
 06/13/2018  2018   164   164   8.206    0.75      45    5.81    11.2    20.6    -2.2      51      96      24    0.00
 06/14/2018  2018   165   165   2.952    1.30     141    7.60    11.6    16.1     6.7      62      89      47    0.25
 06/15/2018  2018   166   166   4.304    2.10     147   10.73    10.7    16.1     4.4      57      80      39    0.00
 06/16/2018  2018   167   167   3.185    2.07     155    8.49    10.5    13.9     6.7      67      80      57    0.00
 06/17/2018  2018   168   168   5.768    2.74     158   11.62    12.2    16.1     8.9      58      78      46    0.00
 06/18/2018  2018   169   169   3.119    2.42     182   11.62    13.3    19.4     9.4      66      91      43    1.78
 06/19/2018  2018   170   170   4.881    2.27     160    9.39    13.8    18.3     7.8      53      71      37    0.00
 06/20/2018  2018   171   171   7.181    1.01     166    6.26    17.0    25.6     2.8      47      88      23    0.00
 06/21/2018  2018   172   172   4.381    1.45     171    8.05    17.1    25.0     8.3      52      78      28    0.00
 06/22/2018  2018   173   173   6.075    1.51     158    7.60    14.8    20.6    10.0      56      83      33    0.00
 06/23/2018  2018   174   174   6.596    1.49     358    8.05    13.7    18.9     8.3      67      95      43    0.25
 06/24/2018  2018   175   175   3.900    1.30     326    6.26    13.3    18.9     6.1      63      84      43    0.00
 06/25/2018  2018   176   176   5.234    0.76     155    7.15    13.7    20.6     3.9      64      88      36    0.51
 06/26/2018  2018   177   177   7.988    1.90     164    8.49    13.7    18.9     7.8      55      86      37    0.00
 06/27/2018  2018   178   178   8.672    2.18     170    8.94    13.9    20.0     5.0      47      75      31    0.00
 06/28/2018  2018   179   179   6.536    1.06     166    5.81    14.0    21.7     3.3      59      99      32    4.83
 06/29/2018  2018   180   180   4.311    0.60     243    4.92    13.0    20.6     7.8      80     100      47    0.76
 06/30/2018  2018   181   181   5.247    0.48     157    5.36    13.4    20.0     7.8      83      99      55    9.14
 07/01/2018  2018   182   182   3.480    0.69     212    7.15    14.3    21.1    10.6      83     100      52    3.81
 07/02/2018  2018   183   183   4.945    0.80       2    6.71    15.6    22.8     8.3      68      97      38    1.27
 07/03/2018  2018   184   184   8.105    1.08     287    6.71    17.8    27.2     5.0      53      96      26    0.00
 07/04/2018  2018   185   185   7.431    0.99     248    7.15    17.9    27.8     5.6      48      87      19    0.00
 07/05/2018  2018   186   186   3.488    1.02     343    6.26    14.4    20.6     7.8      81      98      51    7.37
 07/06/2018  2018   187   187   6.194    0.88      13    5.36    15.6    23.9     4.4      63      99      36    0.00
 07/07/2018  2018   188   188   6.781    1.77     164   11.18    17.7    26.1     4.4      55      97      29    0.00
 07/08/2018  2018   189   189   1.625    3.20     158   11.18    13.1    16.7    10.0      64      78      51    0.00
 07/09/2018  2018   190   190   3.576    2.27     174   12.07    12.8    17.8     8.9      67      96      41    2.03
 07/10/2018  2018   191   191   5.106    1.70     169    8.05    12.4    17.8     6.7      66      96      43    0.76
 07/11/2018  2018   192   192   5.136    0.93     148    7.15    11.6    17.8     7.2      78      99      45    6.10
 07/12/2018  2018   193   193   5.769    0.58     194    4.92    13.6    21.1     6.7      64     100      30    0.00
 07/13/2018  2018   194   194   5.852    1.70     164    8.49    13.3    22.2     2.8      57      92      31    0.00
 07/14/2018  2018   195   195   4.535    1.16     163    6.26    13.2    18.3     9.4      56      78      40    0.00
 07/15/2018  2018   196   196   5.045    0.82     345    7.60    11.9    18.3     7.2      76      98      50    1.78
 07/16/2018  2018   197   197   2.100    0.32     339    3.58     9.3    12.2     6.1      93      99      80    8.89
 07/17/2018  2018   198   198   4.750    0.78      32    5.81    10.7    17.8     3.9      76     100      39    2.79
 07/18/2018  2018   199   199   7.233    0.76     148    5.81    13.4    22.8     0.0      59      98      32    0.00
 07/19/2018  2018   200   200   3.093    0.78     144    6.71    16.3    21.1     9.4      60      83      42    0.00
 07/20/2018  2018   201   201   6.526    0.86     151    5.81    18.3    26.7     7.8      59      95      33    0.00
 07/21/2018  2018   202   202   7.031    1.04     177    6.71    18.9    28.9     7.8      54      94      22    0.00
 07/22/2018  2018   203   203   7.401    1.47     174    8.05    19.8    29.4     4.4      51      90      25    0.00
 07/23/2018  2018   204   204   6.715    1.66     181    8.05    19.1    27.2     8.3      51      86      27    0.00
 07/24/2018  2018   205   205   7.576    1.32     170    6.71    18.5    28.3     5.0      48      91      21    0.00
 07/25/2018  2018   206   206   5.538    1.49     168    7.60    18.6    25.0     8.9      52      79      34    0.00
 07/26/2018  2018   207   207   3.802    1.84     160    8.49    17.9    22.8    13.9      59      75      41    0.51
 07/27/2018  2018   208   208   5.447    1.82     168    8.05    18.0    24.4    12.8      53      78      31    0.00
 07/28/2018  2018   209   209   6.305    1.55     177    8.05    16.5    22.2     8.9      57      82      35    0.00
 07/29/2018  2018   210   210   6.769    2.10     173    8.49    18.2    24.4     8.9      54      82      30    0.00
 07/30/2018  2018   211   211   6.458    1.81     162    8.94    18.6    24.4     9.4      56      82      38    0.00
 07/31/2018  2018   212   212   6.887    1.58     170    7.60    19.2    26.7     7.8      56      92      36    0.00
 08/01/2018  2018   213   213   1.355    1.06     317    6.26    13.4    15.6    11.1      83      95      65    1.02
 08/02/2018  2018   214   214   2.450    1.47     173    8.05    13.1    16.7    10.0      74      95      57    0.51
 08/03/2018  2018   215   215   3.246    0.99     357    7.15    13.9    18.9     8.9      74      90      58    0.00
 08/04/2018  2018   216   216   2.339    0.39     191    3.58    13.3    17.8     9.4      86      98      64    1.52
 08/05/2018  2018   217   217   1.217    1.30     154    8.49    13.3    17.2    10.6      87     100      61   14.22
 08/06/2018  2018   218   218   1.705    0.30     198    3.58    12.3    16.1    10.0      97     100      89   16.00
 08/07/2018  2018   219   219   3.657    1.43     335    8.94    10.2    16.1     6.7      90     100      70    3.56
 08/08/2018  2018   220   220   1.883    1.04     327    6.71     8.0    10.6     6.1      90      96      81    2.54
 08/09/2018  2018   221   221   4.216    0.88     317    5.81     8.5    15.6    -1.1      73      99      37    0.25
 08/10/2018  2018   222   222   5.315    0.99     178    6.71    10.2    20.6    -1.1      61      98      29    0.00
 08/11/2018  2018   223   223   2.590    1.75     166    8.49    12.4    15.0     7.8      69      80      61    0.00
 08/12/2018  2018   224   224   2.562    2.66     158   12.96    14.1    18.9    10.6      70      89      56    0.25
 08/13/2018  2018   225   225   2.566    2.10     155    9.39    12.8    15.6     8.9      69      92      53    1.02
 08/14/2018  2018   226   226   2.433    0.97     165    5.81    10.4    15.0     6.7      80      99      57    2.54
 08/15/2018  2018   227   227   2.841    0.48     257    4.47     9.1    13.9     3.3      87     100      63    1.78
 08/16/2018  2018   228   228   3.064    0.60     167    3.58     9.6    15.0     2.8      77      99      49    0.00
 08/17/2018  2018   229   229   2.771    1.10     169    7.60    10.2    15.6     6.1      74      98      51    0.76
 08/18/2018  2018   230   230   5.475    1.92     170    8.49    11.3    17.2     2.8      60      93      35    0.00
 08/19/2018  2018   231   231   1.860    1.66     161    7.60    13.3    16.7    10.0      68      85      53    0.51
 08/20/2018  2018   232   232   1.937    1.36     179    7.60    15.2    19.4    12.2      65      76      49    0.00
 08/21/2018  2018   233   233   1.814    0.56     179    7.60    13.6    16.7    11.1      86      99      70   13.72
 08/22/2018  2018   234   234   1.226    0.89     305    7.60    10.6    12.2     8.3      97     100      94   10.16
 08/23/2018  2018   235   235   1.905    0.89     163    6.71    10.8    14.4     7.8      87     100      66    1.27
 08/24/2018  2018   236   236   1.350    0.28     209    3.58     8.3    11.1     6.1      96     100      90   11.43
 08/25/2018  2018   237   237   4.704    0.84     174    6.26    10.1    17.8     2.8      76     100      44    0.00
 08/26/2018  2018   238   238   1.079    1.71     173    8.05     9.7    12.8     2.2      81      95      68    0.76
 08/27/2018  2018   239   239   1.458    0.41     308    4.02     9.7    11.7     7.8      95     100      86    5.33
 08/28/2018  2018   240   240   2.606    0.88     325    7.60     9.8    14.4     6.1      77      99      53    0.51
 08/29/2018  2018   241   241   4.084    0.76     244    5.36     9.4    16.1     3.9      76      98      48    0.00
 08/30/2018  2018   242   242   1.569    0.82     189    8.49     7.9    11.7     5.0      86      97      60   15.24
 08/31/2018  2018   243   243   2.831    0.43     160    5.81     6.4    12.2     3.3      89      99      66   10.41
 09/01/2018  2018   244   244   1.588    0.61     159    7.60     6.4    11.7     1.7      88      99      58    1.02
 09/02/2018  2018   245   245   1.043    0.63     325    5.81     7.7    10.0     2.8      87      98      73    0.51
 09/03/2018  2018   246   246   4.084    0.95     194    6.26     8.2    18.3    -1.1      78      99      42    0.00
 09/04/2018  2018   247   247   2.262    0.99     342    6.71     7.0    11.7     0.6      78      99      54    0.25
 09/05/2018  2018   248   248   3.228    0.69      23    4.47     9.5    15.6     5.0      77      98      49    0.25
 09/06/2018  2018   249   249   1.126    0.93     330    4.92     7.6     9.4     6.1      93      98      81    3.05
 09/07/2018  2018   250   250   3.447    2.14       5    9.39     8.2    12.2     4.4      85      98      68    0.51
 09/08/2018  2018   251   251   3.504    1.12     285    8.49     5.9    14.4    -1.1      80      99      55    0.00
 09/09/2018  2018   252   252   3.163    1.16      12    8.05     5.0    14.4    -3.9      76      97      47    0.00
 09/10/2018  2018   253   253   3.677    1.17     280    8.49     5.3    16.1    -4.4      68      96      31    0.00
 09/11/2018  2018   254   254   3.685    0.84     183    7.60     7.2    19.4    -3.9      67      96      33    0.00
 09/12/2018  2018   255   255   1.350    1.04     351    7.60     9.1    15.0     0.0      77      95      61    0.00
 09/13/2018  2018   256   256   3.159    1.21     333    7.15    10.7    17.2     0.0      70      95      45    0.00
 09/14/2018  2018   257   257   3.330    0.80     171    5.36     7.7    20.0    -3.3      68      97      27    0.00
 09/15/2018  2018   258   258   2.107    1.01     167    6.71    10.5    16.7     4.4      65      87      43    0.00
 09/16/2018  2018   259   259   1.447    0.95      28    6.71     7.2    13.3     3.3      86      99      61    2.54
 09/17/2018  2018   260   260   2.233    0.69     173    5.81     8.8    16.7     5.0      88     100      52    0.51
 09/18/2018  2018   261   261   1.893    0.93     333    8.49     8.2    13.3     4.4      90      99      70    0.25
 09/19/2018  2018   262   262   0.941    0.45     317    5.81     6.2     8.9     2.8      93      99      79    1.02
 09/20/2018  2018   263   263   1.241    0.32     173    3.13     6.0    10.0     2.8      93     100      76    2.03
 09/21/2018  2018   264   264   1.893    1.17     160    8.05     7.3    12.8     2.8      82      99      55    0.00
 09/22/2018  2018   265   265   0.956    1.04     170    6.71     6.4     8.9     3.9      83      99      73    4.06
 09/23/2018  2018   266   266   1.396    0.91     190    5.81     5.3     9.4     2.2      89      99      69    1.02
 09/24/2018  2018   267   267   1.227    1.34     179    8.05     7.2    11.7     3.3      77      96      62    2.54
 09/25/2018  2018   268   268   1.172    0.48     204    4.02     4.5     9.4     1.1      94      99      73    3.30
 09/26/2018  2018   269   269   2.684    0.50     170    4.92     3.7    11.1    -3.3      85      99      54    0.51
 09/27/2018  2018   270   270   1.806    0.69     178    4.02     0.6    12.2    -5.6      82      96      42    0.25
 09/28/2018  2018   271   271   2.589    1.02     172    7.15     3.3    13.9    -4.4      78      97      46    0.00
 09/29/2018  2018   272   272   2.603    1.12     169    7.15     4.8    17.8    -3.3      67      97      24    0.00
 09/30/2018  2018   273   273   2.553    0.78     169    3.13     2.2    17.8    -6.7      66      92      22    0.00
 10/01/2018  2018   274   274   2.435    1.27     175    5.81     6.2    20.6    -6.1      50      89      12    0.00
 10/02/2018  2018   275   275   2.323    1.77     179    8.05     7.4    15.6    -1.7      45      73      25    0.00
 10/03/2018  2018   276   276   2.159    1.28     178    6.26     5.0    14.4    -2.8      50      81      24    0.00
 10/04/2018  2018   277   277   1.925    1.36     187    6.71     7.5    13.9     2.8      56      79      36    0.00
 10/05/2018  2018   278   278   1.801    0.91     166    6.26     4.7    15.6    -2.8      69      90      37    0.00
 10/06/2018  2018   279   279   1.692    0.60     147    4.92     1.1    12.8    -4.4      77      97      42    0.00
 10/07/2018  2018   280   280   0.881    1.47     336    8.49    -3.5     0.6    -8.9      80      93      63    0.00
 10/08/2018  2018   281   281   1.326    0.86     146    7.15     0.0     8.3    -6.1      82      95      57    0.51
 10/09/2018  2018   282   282   1.455    1.21     177    8.05     0.5    10.0    -8.9      68      92      38    0.00
 10/10/2018  2018   283   283   1.059    2.23     174    9.84     7.4    11.7     4.4      61      77      49    0.00
 10/11/2018  2018   284   284   0.968    0.97     190    6.26     4.3     7.8     1.7      86      99      68    2.54
 10/12/2018  2018   285   285   0.926    1.75     179    8.94     6.8     9.4     3.9      60      71      47    0.00
 10/13/2018  2018   286   286   0.584    0.99     200    5.81     5.6     8.3    -2.2      73      97      55    1.27
 10/14/2018  2018   287   287   0.934    0.82     186    4.47    -0.8     6.7    -5.6      84      97      61    0.25
 10/15/2018  2018   288   288   0.648    1.58     194    7.60     3.8    10.6    -4.4      74      96      46    3.05
 10/16/2018  2018   289   289   0.487    2.09     180   12.07     8.1    12.2     3.3      72      96      48    1.27
 10/17/2018  2018   290   290   0.696    1.28     197    5.81     5.7     8.9     1.7      75      94      55    0.76
 10/18/2018  2018   291   291   0.994    1.12     190    7.60     4.1     9.4    -3.3      71      92      49    0.00
 10/19/2018  2018   292   292   0.244    0.47     173    8.49    -1.5     3.3    -5.6      90      97      60    0.76
 10/20/2018  2018   293   293   0.526    1.10     203    6.71     1.6     3.9    -0.6      87      98      71    1.27
 10/21/2018  2018   294   294   0.831    1.56     184    8.05     5.7     9.4     1.1      58      75      47    0.00
 10/22/2018  2018   295   295   0.946    0.99     177    4.47     1.9    10.0    -6.1      67      91      40    0.00
 10/23/2018  2018   296   296   0.544    1.43     175   11.62     1.7    10.0    -7.2      70      93      42    0.00
 10/24/2018  2018   297   297   0.582    1.53     171    9.39     4.2     8.9    -5.0      66      92      49    0.00
 10/25/2018  2018   298   298   0.452    0.43     190    5.81    -3.9     4.4    -9.4      88      94      71    0.00
 10/26/2018  2018   299   299   0.559    1.10     188    5.36     3.2     7.2    -2.2      62      81      44    0.00
 10/27/2018  2018   300   300   0.725    1.21     173    6.71     0.8     6.7    -2.8      78      95      51    0.00
 10/28/2018  2018   301   301   0.396    2.03     346    7.60    -6.5    -0.6   -16.1      76      92      63    0.00
 10/29/2018  2018   302   302   0.507    0.37     242    3.58   -15.1   -10.6   -22.2      76      81      68    0.00
 10/30/2018  2018   303   303   0.634    0.45     173    2.68   -15.8    -7.8   -22.8      76      85      63    0.00
 10/31/2018  2018   304   304   0.611    0.60     174    2.68   -11.7    -4.4   -17.8      75      84      55    0.00
 11/01/2018  2018   305   305   0.581    0.69     174    3.13   -16.7    -7.2   -21.7      76      84      62    0.00
 11/02/2018  2018   306   306   0.552    0.99     182    4.02   -15.3    -5.0   -22.2      71      82      54    0.00
 11/03/2018  2018   307   307   0.507    0.73     175    3.58   -17.4    -7.2   -22.2      72      79      46    0.00
 11/04/2018  2018   308   308   0.456    0.54     171    2.68   -19.1    -8.3   -23.3      73      78      57    0.00
 11/05/2018  2018   309   309   0.425    0.67     179    2.68   -19.0    -9.4   -23.9      74      79      64    0.00
 11/06/2018  2018   310   310   0.499    1.66     189    8.49    -8.0     0.6   -20.0      49      79      28    0.00
 11/07/2018  2018   311   311   0.276    0.28     179    3.13    -5.4    -2.8    -8.3      60      86      46    0.00
 11/08/2018  2018   312   312   0.240    1.51     323    7.15    -8.5    -6.7    -9.4      82      88      77    0.00
 11/09/2018  2018   313   313   0.228    0.35     165    2.23   -10.0    -5.6   -15.0      87      93      81    0.00
 11/10/2018  2018   314   314   0.153    0.56     192    2.68   -13.1    -8.9   -17.2      84      90      77    0.00
 11/11/2018  2018   315   315   0.088    1.42     304    6.26    -4.9    -0.6    -7.8      84      92      74    0.00
 11/12/2018  2018   316   316   0.121    1.71     325    7.60    -6.5     3.9   -10.0      90      98      84    0.51
 11/13/2018  2018   317   317   0.107    2.55     337   10.28   -11.8    -8.9   -13.9      83      88      79    0.25
 11/14/2018  2018   318   318   0.282    0.84     322    6.26   -14.0   -10.6   -19.4      81      85      77    0.00
 11/15/2018  2018   319   319   0.180    0.69     179    2.68   -17.9   -12.2   -21.1      78      83      74    0.00
 11/16/2018  2018   320   320   0.086    1.27     190    5.81    -4.5     0.6   -16.7      77      90      63    0.00
 11/17/2018  2018   321   321   0.232    1.36     203    5.36     0.6     3.3    -4.4      74      89      66    2.54
 11/18/2018  2018   322   322   0.277    1.23     178    7.15     4.7     6.7     3.3      72      77      65    1.02
 11/19/2018  2018   323   323   0.271    1.40     294    6.26    -0.8     6.1    -5.0      84      97      59    0.51
 11/20/2018  2018   324   324   0.128    1.12     331    5.81    -4.2    -2.8    -5.6      93      95      90    0.00
 11/21/2018  2018   325   325   0.119    1.10     334    5.81    -6.8    -5.6    -8.3      90      93      86    0.00
 11/22/2018  2018   326   326   0.098    1.02     326    5.36    -8.6    -7.2   -11.1      87      91      84    0.00
 11/23/2018  2018   327   327   0.057    0.52     172    3.13   -14.9   -10.6   -18.3      82      87      78    0.00
 11/24/2018  2018   328   328   0.063    0.69     205    4.02    -8.8    -6.1   -14.4      87      91      82    0.00
 11/25/2018  2018   329   329   0.066    0.99     190    5.81    -3.5     2.8   -14.4      78      93      62    0.00
 11/26/2018  2018   330   330   0.093    1.12     196    7.60    -1.0     3.9    -7.2      80      91      69    1.27
 11/27/2018  2018   331   331   0.097    1.02     202    4.92     0.8     4.4    -5.6      69      86      59    0.00
 11/28/2018  2018   332   332   0.157    1.81     346    8.49    -7.5    -5.6   -11.1      85      92      79    0.00
 11/29/2018  2018   333   333   0.091    0.60     279    5.36    -8.7    -6.1   -13.3      87      89      80    0.00
 11/30/2018  2018   334   334   0.070    1.53     170    9.39   -10.7    -4.4   -18.3      72      85      55    0.00
 12/01/2018  2018   335   335   0.117    2.10     166    9.39    -0.8     1.1    -3.9      68      93      55    0.00
 12/02/2018  2018   336   336   0.051    1.25     181    8.05    -0.6     1.1    -1.7      70      96      52    0.00
 12/03/2018  2018   337   337   0.025    0.56     220    4.47    -8.4    -1.7   -19.4      88      96      78    0.00
 12/04/2018  2018   338   338   0.020    1.36     186    7.15    -6.9     0.0   -18.9      79      88      73    0.00
 12/05/2018  2018   339   339   0.048    2.37     152   11.18     1.7     2.8     0.6      66      75      56    2.54
 12/06/2018  2018   340   340   0.061    0.99     173    5.36    -0.5     1.1    -2.8      78      95      68    0.25
 12/07/2018  2018   341   341   0.086    1.60     190    7.60     3.2     5.6    -1.1      67      97      53    2.54
 12/08/2018  2018   342   342   0.023    2.50     343   11.18    -7.0    -4.4    -8.9      87      90      75    0.00
 12/09/2018  2018   343   343   0.019    1.02     259    7.15   -13.8    -8.9   -21.7      82      88      74    0.00
 12/10/2018  2018   344   344   0.023    1.17     187    4.92   -11.4    -4.4   -20.0      83      88      76    0.00
 12/11/2018  2018   345   345   0.010    1.23     316    8.94   -15.0   -13.3   -18.3      81      83      77    0.00
 12/12/2018  2018   346   346   0.016    0.00     197    1.34   -16.1   -13.9   -18.9      80      83      76    0.00
 12/13/2018  2018   347   347   0.008    0.82     252    5.36   -17.1   -13.3   -24.4      78      83      69    0.00
 12/14/2018  2018   348   348   0.016    0.63     183    3.58   -24.0   -17.8   -26.1      71      78      68    0.00
 12/15/2018  2018   349   349   0.025    0.71     281    5.81   -18.7   -13.9   -24.4      77      83      69    0.00
 12/16/2018  2018   350   350   0.006    0.73     313    5.81   -23.1   -21.7   -27.2      72      74      66    0.00
 12/17/2018  2018   351   351   0.004    1.86     328    8.05   -19.3   -17.2   -22.2      75      77      73    0.00
 12/18/2018  2018   352   352   0.012    1.77     337    8.05   -19.3   -17.8   -20.6      75      76      73    0.00
 12/19/2018  2018   353   353   0.014    1.23     320    7.15   -21.4   -20.0   -27.8      73      76      65    0.00
 12/20/2018  2018   354   354   0.008    0.50     181    3.13   -29.2   -26.7   -31.7      65      68      62    0.00
 12/21/2018  2018   355   355   0.013    0.97     177    4.02   -20.0   -10.6   -27.8      76      87      66    0.00
 12/22/2018  2018   356   356   0.015    0.73     176    2.68   -15.5   -12.8   -20.0      81      84      76    0.00
 12/23/2018  2018   357   357   0.011    0.07     228    1.79   -26.5   -20.6   -30.6      67      74      63    0.00
 12/24/2018  2018   358   358   0.009    0.07     206    1.79   -30.2   -29.4   -31.1      63      64      62    0.00
 12/25/2018  2018   359   359   0.008    0.61     178    2.23   -25.0   -20.6   -29.4      69      75      64    0.00
 12/26/2018  2018   360   360   0.013    0.41     198    2.23   -15.4   -11.7   -19.4      81      86      76    0.00
 12/27/2018  2018   361   361   0.014    0.34     201    2.68   -14.6   -12.2   -18.9      82      85      77    0.00
 12/28/2018  2018   362   362   0.010    0.56     208    3.13   -15.9   -10.6   -18.3      81      86      77    0.00
 12/29/2018  2018   363   363   0.006    1.81     308   10.28   -16.5   -13.3   -19.4      79      83      76    0.00
 12/30/2018  2018   364   364   0.001    2.33     177   11.18    -4.3     0.0   -17.8      80      90      68    0.00
 12/31/2018  2018   365   365   0.032    2.70     160   11.62     0.2     1.7    -1.1      77      91      67    0.00
 01/01/2019  2019     1   366   0.094    2.07     178   10.28     0.7     2.8    -1.7      62      82      53    0.51
 01/02/2019  2019     2   367   0.022    1.96     327    7.60    -4.0     0.6   -11.7      82      92      73    0.00
 01/03/2019  2019     3   368   0.030    0.88     168    6.26   -24.0   -12.2   -32.2      69      78      61    0.00
 01/04/2019  2019     4   369   0.027    0.48     171    2.68   -33.1   -30.6   -35.5      60      63      58    0.00
 01/05/2019  2019     5   370   0.068    0.39     174    2.68   -32.5   -28.9   -35.5      60      64      57    0.00
 01/06/2019  2019     6   371   0.041    0.09     175    1.79   -32.4   -28.9   -37.2      60      65      55    0.00
 01/07/2019  2019     7   372   0.031    0.54     168    2.23   -35.7   -32.2   -37.8      56      60      54    0.00
 01/08/2019  2019     8   373   0.026    0.67     166    2.23   -24.1   -17.2   -32.2      70      79      60    0.00
 01/09/2019  2019     9   374   0.029    2.23     344   10.73   -23.9   -18.3   -27.2      70      78      66    0.00
 01/10/2019  2019    10   375   0.040    1.02     329    7.60   -27.9   -26.7   -29.4      65      66      62    0.00
 01/11/2019  2019    11   376   0.018    0.85     220    5.81   -34.6   -28.9   -41.7      57      63      50    0.00
 01/12/2019  2019    12   377   0.036    0.74     171    3.13   -26.3   -13.9   -41.1      67      82      50    0.00
 01/13/2019  2019    13   378   0.038    1.25     181    8.05    -3.1     1.7   -15.0      73      88      58    0.00
 01/14/2019  2019    14   379   0.107    1.28     190    6.71    -4.5     0.6   -13.3      70      87      56    0.00
 01/15/2019  2019    15   380   0.076    0.76     176    2.68   -18.9   -12.2   -23.9      77      86      72    0.00
 01/16/2019  2019    16   381   0.190    0.76     177    3.13   -19.2   -14.4   -23.9      76      82      70    0.00
 01/17/2019  2019    17   382   0.081    0.24     192    1.79   -23.7   -18.3   -28.9      71      78      65    0.00
 01/18/2019  2019    18   383   0.097    0.11     202    2.23   -23.3   -18.3   -30.6      72      77      62    0.00
 01/19/2019  2019    19   384   0.107    1.14     330    5.81   -17.7   -16.7   -20.0      78      79      75    0.00
 01/20/2019  2019    20   385   0.079    0.11     201    2.23   -28.2   -21.1   -34.4      65      74      58    0.00
 01/21/2019  2019    21   386   0.112    0.48     192    2.23   -27.6   -21.7   -35.0      66      74      57    0.00
 01/22/2019  2019    22   387   0.103    0.69     195    4.92   -14.9    -2.8   -22.8      81      94      71    0.00
 01/23/2019  2019    23   388   0.166    1.99     184    8.49     1.0     2.8    -2.2      65      87      55    0.76
 01/24/2019  2019    24   389   0.356    1.32     187    9.84     2.7     5.6    -1.1      61      73      48    4.83
 01/25/2019  2019    25   390   0.205    2.12     164    9.84     1.9     5.0    -1.7      66      91      53    5.08
 01/26/2019  2019    26   391   0.195    1.96     176    9.39    -4.0    -0.6    -9.4      67      81      55    0.00
 01/27/2019  2019    27   392   0.341    2.14     156   10.73     0.1     2.2    -1.7      48      58      35    0.00
 01/28/2019  2019    28   393   0.142    0.84     186    6.71    -3.1     0.6    -6.1      78      94      52    0.00
 01/29/2019  2019    29   394   0.055    1.17     333    7.15    -6.3    -5.0    -7.2      90      93      87    0.00
 01/30/2019  2019    30   395   0.110    0.80     331    6.71   -11.6    -6.1   -23.3      84      90      72    0.00
 01/31/2019  2019    31   396   0.122    0.20     179    2.23   -25.9   -16.1   -32.2      68      77      60    0.00
 02/01/2019  2019    32   397   0.116    0.91     168    3.13   -28.9   -21.7   -34.4      64      71      57    0.00
 02/02/2019  2019    33   398   0.149    1.49     178    7.15   -20.7    -9.4   -30.0      63      73      52    0.00
 02/03/2019  2019    34   399   0.108    1.73     184    8.94    -6.3    -3.3   -10.6      65      78      56    0.00
 02/04/2019  2019    35   400   0.256    0.71     175    3.13   -14.2    -6.1   -18.9      80      88      70    0.00
 02/05/2019  2019    36   401   0.092    0.54     173    5.81    -7.0    -3.9   -16.1      83      91      69    0.00
 02/06/2019  2019    37   402   0.199    0.80     167    3.13   -15.3    -9.4   -21.1      80      86      74    0.00
 02/07/2019  2019    38   403   0.445    2.38     170    9.84    -1.9     1.1    -9.4      65      83      58    0.00
 02/08/2019  2019    39   404   0.582    1.38     169    8.05    -0.3     2.2    -2.8      72      94      60    1.02
 02/09/2019  2019    40   405   0.317    1.06     190    5.81    -4.9    -2.2    -8.9      81      93      67    0.00
 02/10/2019  2019    41   406   0.518    1.28     163    7.60    -1.0     2.2    -6.1      57      81      45    0.25
 02/11/2019  2019    42   407   0.431    1.70     142    8.94    -4.0    -0.6   -10.6      70      88      55    0.00
 02/12/2019  2019    43   408   0.414    1.34     227    8.49    -5.3    -1.7    -8.3      62      87      41    0.00
 02/13/2019  2019    44   409   0.702    1.81     348    7.60   -12.1    -8.3   -15.6      70      80      56    0.00
 02/14/2019  2019    45   410   0.617    0.89     253    4.92   -18.6   -12.2   -28.3      68      76      49    0.00
 02/15/2019  2019    46   411   0.887    0.88     171    3.13   -25.8   -11.7   -33.9      61      73      44    0.00
 02/16/2019  2019    47   412   0.578    1.25     180    5.81   -11.7    -4.4   -27.8      53      76      36    0.00
 02/17/2019  2019    48   413   0.613    2.12     172    9.39    -2.2     0.6   -10.0      61      75      55    0.00
 02/18/2019  2019    49   414   0.914    1.27     166    8.49    -4.3     1.7   -12.2      71      85      48    0.51
 02/19/2019  2019    50   415   0.873    1.40     343    7.60   -10.3    -5.6   -22.2      70      92      55    0.00
 02/20/2019  2019    51   416   0.734    1.23     163    7.15   -15.9    -3.9   -25.6      64      75      41    0.25
 02/21/2019  2019    52   417   0.707    1.49     342    8.94   -14.2   -10.0   -22.2      75      81      70    0.00
 02/22/2019  2019    53   418   0.664    0.73     172    4.02   -14.9    -3.9   -23.3      68      80      46    0.00
 02/23/2019  2019    54   419   0.855    1.01     166    5.36   -12.8    -0.6   -22.2      51      74      18    0.00
 02/24/2019  2019    55   420   1.391    1.12     182    4.92   -10.1     2.2   -19.4      41      64      16    0.25
 02/25/2019  2019    56   421   1.492    1.21     175    5.81   -11.2     5.0   -22.2      48      73      17    0.51
 02/26/2019  2019    57   422   1.533    1.32     179    5.81    -9.3     6.1   -20.0      46      74      15    0.25
 02/27/2019  2019    58   423   1.619    0.73     167    3.13   -12.9     1.1   -22.2      53      71      22    0.00
 02/28/2019  2019    59   424   1.683    0.86     172    3.58   -11.7     3.9   -22.2      58      76      24    0.00
 03/01/2019  2019    60   425   1.765    1.04     183    5.81   -10.5     5.0   -20.0      60      80      26    0.00
 03/02/2019  2019    61   426   1.542    0.80     177    4.02   -10.5     0.6   -22.8      59      79      33    0.00
 03/03/2019  2019    62   427   1.038    0.45     175    3.13    -8.8    -1.1   -17.8      70      84      60    0.51
 03/04/2019  2019    63   428   1.853    1.08     187    4.92   -11.5     2.2   -22.8      63      77      36    0.00
 03/05/2019  2019    64   429   1.064    1.96     174    8.49    -4.8    -1.7   -10.6      55      67      45    0.00
 03/06/2019  2019    65   430   1.028    0.78     185    4.47    -4.7     1.1   -11.1      65      86      53    0.00
 03/07/2019  2019    66   431   1.326    1.32     158    6.26    -4.7     2.2   -12.8      67      86      48    0.00
 03/08/2019  2019    67   432   1.960    2.10     157   10.28     0.7     4.4    -1.1      57      68      44    0.00
 03/09/2019  2019    68   433   0.977    2.96     170   12.52     0.7     1.7    -0.6      52      68      41    0.00
 03/10/2019  2019    69   434   1.327    1.73     176    8.05     2.2     6.1    -0.6      53      69      40    0.00
 03/11/2019  2019    70   435   1.265    1.45     172    7.15     1.4     4.4    -1.7      61      78      47    0.00
 03/12/2019  2019    71   436   2.414    1.62     165    8.94    -2.3     2.2    -5.0      62      86      32    0.00
 03/13/2019  2019    72   437   1.889    1.08     178    7.60    -2.8     5.0    -8.3      57      78      32    0.00
 03/14/2019  2019    73   438   2.190    1.96     177    9.39    -0.2     5.6    -7.8      52      70      40    0.00
 03/15/2019  2019    74   439   1.413    1.84     183    9.39     0.9     3.3    -3.3      47      57      36    0.00
 03/16/2019  2019    75   440   2.210    2.29     185   11.18     4.7     9.4     0.0      52      70      41    0.00
 03/17/2019  2019    76   441   1.131    1.99     178    8.05     4.8     7.2     0.0      56      69      46    0.00
 03/18/2019  2019    77   442   1.535    2.03     173    8.49     5.6     8.9     2.8      60      85      46    0.00
 03/19/2019  2019    78   443   2.914    1.86     352    8.05    -1.2     2.2   -10.0      64      85      45    0.00
 03/20/2019  2019    79   444   1.870    1.56     176   10.28     1.8    11.1   -11.1      60      83      37    0.00
 03/21/2019  2019    80   445   1.866    1.71     184    8.94     5.8     8.9     1.7      50      68      36    0.00
 03/22/2019  2019    81   446   2.582    1.73     191   11.18     6.9    12.2    -0.6      47      77      33    0.00
 03/23/2019  2019    82   447   1.841    1.43     182    8.05     5.8    11.7    -2.2      58      85      37    0.00
 03/24/2019  2019    83   448   1.821    2.25     160   11.62     4.4     7.8     2.2      64      93      44    0.25
 03/25/2019  2019    84   449   2.247    2.01     142    8.05     4.1     7.2     2.2      54      76      42    0.00
 03/26/2019  2019    85   450   2.723    1.17     170    8.49     4.7    11.7    -0.6      63      94      39    0.25
 03/27/2019  2019    86   451   1.835    1.36     339    6.71     0.7     4.4    -2.8      81      96      61    0.25
 03/28/2019  2019    87   452   3.478    1.75     194    7.60     4.1    11.7    -2.2      68      94      34    0.00
 03/29/2019  2019    88   453   2.471    1.06     346    7.60     0.7     7.8    -6.1      79      93      57    0.00
 03/30/2019  2019    89   454   3.717    0.76     166    5.81     0.4    10.6    -8.3      65      92      31    0.00
 03/31/2019  2019    90   455   3.753    0.91     167    5.36     2.3    15.6    -7.8      60      89      21    0.00
 04/01/2019  2019    91   456   3.985    1.04     169    7.15     2.5    13.9    -7.8      59      89      25    0.00
 04/02/2019  2019    92   457   3.091    1.66      23    9.84    -1.1     8.3    -6.7      72      89      39    0.00
 04/03/2019  2019    93   458   4.387    3.26     353   12.52    -5.7    -0.6   -11.1      51      74      30    0.00
 04/04/2019  2019    94   459   3.912    0.78     161    6.26    -7.1     2.8   -20.6      53      78      28    0.00
 04/05/2019  2019    95   460   4.584    0.97     148    6.26    -0.9     7.8   -12.2      49      84      22    0.00
 04/06/2019  2019    96   461   2.834    1.22     163    6.71     0.1     8.3    -8.9      55      72      40    0.00
 04/07/2019  2019    97   462   -9999   -9999   -9999   -9999   -9999   -9999   -9999   -9999   -9999   -9999   -9999
 04/08/2019  2019    98   463   -9999   -9999   -9999   -9999   -9999   -9999   -9999   -9999   -9999   -9999   -9999
 04/09/2019  2019    99   464   -9999   -9999   -9999   -9999   -9999   -9999   -9999   -9999   -9999   -9999   -9999
 04/10/2019  2019   100   465   -9999   -9999   -9999   -9999   -9999   -9999   -9999   -9999   -9999   -9999   -9999
 04/11/2019  2019   101   466   -9999   -9999   -9999   -9999   -9999   -9999   -9999   -9999   -9999   -9999   -9999
 04/12/2019  2019   102   467   -9999   -9999   -9999   -9999   -9999   -9999   -9999   -9999   -9999   -9999   -9999
 04/13/2019  2019   103   468   -9999   -9999   -9999   -9999   -9999   -9999   -9999   -9999   -9999   -9999   -9999
 04/14/2019  2019   104   469   -9999   -9999   -9999   -9999   -9999   -9999   -9999   -9999   -9999   -9999   -9999
 04/15/2019  2019   105   470   -9999   -9999   -9999   -9999   -9999   -9999   -9999   -9999   -9999   -9999   -9999
 04/16/2019  2019   106   471   -9999   -9999   -9999   -9999   -9999   -9999   -9999   -9999   -9999   -9999   -9999
 04/17/2019  2019   107   472   -9999   -9999   -9999   -9999   -9999   -9999   -9999   -9999   -9999   -9999   -9999
 04/18/2019  2019   108   473   -9999   -9999   -9999   -9999   -9999   -9999   -9999   -9999   -9999   -9999   -9999
 04/19/2019  2019   109   474   -9999   -9999   -9999   -9999   -9999   -9999   -9999   -9999   -9999   -9999   -9999
 04/20/2019  2019   110   475   -9999   -9999   -9999   -9999   -9999   -9999   -9999   -9999   -9999   -9999   -9999
 04/21/2019  2019   111   476   -9999   -9999   -9999   -9999   -9999   -9999   -9999   -9999   -9999   -9999   -9999
 04/22/2019  2019   112   477   -9999   -9999   -9999   -9999   -9999   -9999   -9999   -9999   -9999   -9999   -9999
 04/23/2019  2019   113   478   -9999   -9999   -9999   -9999   -9999   -9999   -9999   -9999   -9999   -9999   -9999
 04/24/2019  2019   114   479   -9999   -9999   -9999   -9999   -9999   -9999   -9999   -9999   -9999   -9999   -9999
 04/25/2019  2019   115   480   1.838    1.58       0    8.05     4.4     9.4    -1.1      35      59      20    3.81
 04/26/2019  2019   116   481   6.456    1.32     324    7.15     2.0    10.6    -6.1      45      72      21    0.00
 04/27/2019  2019   117   482   6.609    1.06     150    7.60     1.1    11.1   -10.6      41      80      13    0.00
 04/28/2019  2019   118   483   6.658    1.40     164    8.94     2.0    12.2   -11.1      38      76      13    0.00
 04/29/2019  2019   119   484   6.624    1.88     175   10.28     4.8    13.9    -8.9      36      73      14    0.00
 04/30/2019  2019   120   485   6.562    2.20     171    9.39     8.5    15.6    -0.6      46      80      35    0.00
 05/01/2019  2019   121   486   6.321    0.99     153    5.81     8.7    18.9    -3.9      55      92      28    0.00
 05/02/2019  2019   122   487   2.980    1.70     162    8.49     5.2    12.8    -3.3      67      97      43    0.76
 05/03/2019  2019   123   488   2.540    1.42       7    7.60     2.8     5.6     0.6      80      98      53    1.78
 05/04/2019  2019   124   489   5.282    1.42     337    7.15     1.9     7.2    -6.1      70      94      40    0.25
 05/05/2019  2019   125   490   6.308    1.38     163    7.15     2.8    11.1    -8.9      55      90      27    0.00
 05/06/2019  2019   126   491   5.153    2.16     157   10.28     6.5    12.2     2.2      58      73      41    0.00
 05/07/2019  2019   127   492   4.001    2.44     174   12.96     8.7    13.9     2.8      56      80      36    0.00
 05/08/2019  2019   128   493   2.497    1.25     153    8.05     6.5     9.4     3.3      70      85      55    1.27
 05/09/2019  2019   129   494   5.094    1.64     177    7.60     7.7    13.9    -2.2      51      85      31    0.00
 05/10/2019  2019   130   495   4.008    2.22     163   12.07     8.3    15.6     1.7      54      81      36    0.25
 05/11/2019  2019   131   496   4.832    2.53     148   10.73     6.5    11.7     2.2      55      70      39    0.00
 05/12/2019  2019   132   497   4.693    1.94     162    8.49     6.7    11.7     2.2      49      68      33    0.00
 05/13/2019  2019   133   498   5.930    1.16     165    7.60     7.0    14.4    -1.7      49      82      25    0.00
 05/14/2019  2019   134   499   5.339    0.84     165    6.26     7.5    18.3    -4.4      47      85      18    0.00
 05/15/2019  2019   135   500   6.400    1.08     168    6.71    10.4    21.7    -3.3      42      81      15    0.00
 05/16/2019  2019   136   501   4.895    1.08     174    7.15     7.6    20.0    -1.1      70      98      28    5.84
 05/17/2019  2019   137   502   6.658    1.19     168    7.60     9.4    16.7     0.6      58      99      28    0.25
 05/18/2019  2019   138   503   3.449    0.82     175    5.81     6.2    14.4    -2.2      77      94      45    2.54
 05/19/2019  2019   139   504   6.816    1.06     180    6.71    10.0    20.6    -2.2      56      97      20    0.00
 05/20/2019  2019   140   505   6.371    1.64     169    9.39     8.7    17.8    -2.2      53      91      27    0.00
 05/21/2019  2019   141   506   7.105    0.89     150    4.92    11.2    21.1    -2.8      44      85      21    0.00
 05/22/2019  2019   142   507   6.245    1.06     165    7.60    13.2    22.8     1.7      47      73      24    0.00
 05/23/2019  2019   143   508   2.473    0.91     182    4.47    10.9    15.6     5.6      53      71      37    0.00
 05/24/2019  2019   144   509   2.958    0.35     155    4.02    11.4    16.1     6.1      61      82      41    0.00
 05/25/2019  2019   145   510   6.278    1.96     174    9.39    12.8    20.6     0.6      54      92      30    0.00
 05/26/2019  2019   146   511   2.936    1.49     175    7.60    13.2    17.2     9.4      63      87      44    2.29
 05/27/2019  2019   147   512   5.479    2.27     162   10.28    11.7    16.7     5.0      48      71      31    0.00
 05/28/2019  2019   148   513   7.631    1.08     158    6.26    10.8    19.4     2.8      53      83      24    0.00
 05/29/2019  2019   149   514   7.119    1.49     162    7.60    10.3    18.9    -2.2      58      94      31    0.00
 05/30/2019  2019   150   515   7.290    1.45     158    7.60    13.2    20.6     0.0      50      90      27    0.00
 05/31/2019  2019   151   516   3.546    1.06     170    6.71    12.1    16.7     7.2      66     100      42    7.87
 06/01/2019  2019   152   517   2.211    0.51     173    3.13     8.2    10.6     6.1      95     100      86   17.02
 06/02/2019  2019   153   518   4.530    0.63     256    6.71    10.8    18.9     6.1      81     100      46    2.03
 06/03/2019  2019   154   519   7.191    1.14     352    8.05    12.0    20.0     0.6      61      99      24    0.25
 06/04/2019  2019   155   520   8.285    1.08     338    6.26    12.5    21.7    -2.2      47      95      21    0.00
 06/05/2019  2019   156   521   4.187    0.69     178    7.15    10.4    18.9     5.0      72      88      43    2.29
 06/06/2019  2019   157   522   3.777    0.88     290    6.71    11.2    16.7     6.1      76      93      54    1.78
 06/07/2019  2019   158   523   6.310    0.86     284    5.81    11.4    19.4     1.7      69      99      44    0.51
 06/08/2019  2019   159   524   5.237    0.76     164    5.81    12.4    19.4     4.4      67      95      36    0.25
 06/09/2019  2019   160   525   4.601    0.56     178    6.26    12.2    18.9     5.0      74      95      45    2.54
 06/10/2019  2019   161   526   5.741    0.65     164    6.26    11.1    21.7     1.7      80      99      37    9.65
 06/11/2019  2019   162   527   5.386    0.73     232    8.49    12.3    20.0     3.9      71     100      39    1.02
 06/12/2019  2019   163   528   6.262    0.91     187    8.05    12.3    21.7     2.8      73      98      35    1.78
 06/13/2019  2019   164   529   5.517    0.73     170    5.36    12.8    21.1     2.8      73      99      40    1.78
 06/14/2019  2019   165   530   7.409    1.49     159    8.05    15.6    24.4     3.9      59      98      29    0.25
 06/15/2019  2019   166   531   5.568    1.23     159    7.60    14.5    20.0     9.4      56      78      37    0.00
 06/16/2019  2019   167   532   6.247    0.88     159    8.05    14.7    22.2     5.6      67      98      39    7.62
 06/17/2019  2019   168   533   7.064    0.93     162    5.81    14.0    20.0     7.2      72     100      42    0.51
 06/18/2019  2019   169   534   3.859    0.56     163    6.26    12.6    19.4     2.8      78      98      50    0.25
 06/19/2019  2019   170   535   6.035    0.86     174    6.26    16.6    25.0    10.0      71      96      43    0.76
 06/20/2019  2019   171   536   6.296    0.89     160    8.49    16.7    25.6     8.9      73      99      39    0.25
 06/21/2019  2019   172   537   7.085    0.82     165    6.26    17.1    27.2     5.0      61      99      27    0.00
 06/22/2019  2019   173   538   6.057    1.08     349    7.15    16.0    25.0     6.1      72      98      43    5.59
 06/23/2019  2019   174   539   3.780    1.08     327    7.15    15.3    20.6    10.0      77     100      59    0.00
 06/24/2019  2019   175   540   4.239    0.76     335    5.81    16.1    22.2     7.2      65      89      39    0.00
 06/25/2019  2019   176   541   6.271    0.88     355    5.81    16.3    25.6     3.3      57      97      31    0.00
 06/26/2019  2019   177   542   7.650    1.02     304    6.26    19.0    26.7    10.0      51      85      29    0.00
 06/27/2019  2019   178   543   6.327    0.91     160    6.71    18.4    28.3     5.6      54      91      29    0.00
 06/28/2019  2019   179   544   7.084    1.01      33    5.81    21.9    30.0     8.9      52      92      30    0.00
 06/29/2019  2019   180   545   6.369    0.95      85    6.26    22.5    32.8     9.4      53      90      28    0.00
 06/30/2019  2019   181   546   4.635    1.32     305    8.49    17.8    28.3    10.6      75      97      32    7.37
 07/01/2019  2019   182   547   2.790    1.21     330    7.60    13.1    16.7     7.2      81      98      62    1.02
 07/02/2019  2019   183   548   3.626    0.65     302    6.26    13.6    21.1     5.0      74      98      51    0.00
 07/03/2019  2019   184   549   4.806    1.10      45    7.60    18.1    27.8    10.0      63      92      41    0.00
 07/04/2019  2019   185   550   5.742    1.92     344    8.49    17.2    23.3    11.1      76      90      58    0.00
 07/05/2019  2019   186   551   7.708    1.36     360    7.60    20.2    27.8    11.7      61      90      33    0.00
 07/06/2019  2019   187   552   7.855    1.21     352    6.71    20.4    29.4     6.1      56      96      32    0.00
 07/07/2019  2019   188   553   6.938    1.45       3    8.05    19.5    27.8     7.8      61      97      38    0.00
 07/08/2019  2019   189   554   6.091    0.93       6    6.71    19.3    30.6     7.2      58      93      25    0.00
 07/09/2019  2019   190   555   6.518    0.86     235    5.81    20.6    31.7     6.7      52      92      22    0.00
 07/10/2019  2019   191   556   5.432    0.99     186    6.26    20.2    29.4     8.3      61      90      34    0.00
 07/11/2019  2019   192   557   3.463    0.91     188    5.36    15.7    22.2    11.1      84      98      55   12.45
 07/12/2019  2019   193   558   1.174    0.47     193    3.58    13.2    15.6    11.1      95      99      85    7.37
 07/13/2019  2019   194   559   6.094    0.75     154    5.81    15.9    23.9     8.3      71      99      42    0.00
 07/14/2019  2019   195   560   6.662    1.23     156    7.60    15.5    23.9     5.6      67      98      39    0.00
 07/15/2019  2019   196   561   6.298    1.66     183    8.05    16.8    23.3    10.6      59      88      34    0.00
 07/16/2019  2019   197   562   2.809    0.89     356    5.36    13.4    17.2     7.2      76      92      61    0.00
 07/17/2019  2019   198   563   6.490    1.30     337    8.05    17.0    23.3    10.6      67      93      44    0.00
 07/18/2019  2019   199   564   3.886    0.89     330    6.71    14.2    22.2     6.7      85      98      57    4.83
 07/19/2019  2019   200   565   1.649    0.80     338    5.36    14.8    17.2    11.7      77      98      61    0.00
 07/20/2019  2019   201   566   2.734    0.63     198    5.81    14.2    19.4     7.8      78      94      61    0.00
 07/21/2019  2019   202   567   6.986    1.06       1    5.81    16.5    24.4     5.0      66      98      41    0.00
 07/22/2019  2019   203   568   6.713    1.08     356    6.26    18.2    27.2     6.1      65      98      41    0.00
 07/23/2019  2019   204   569   6.163    1.12     114    7.15    18.0    27.8     7.2      70      98      40   32.26
 07/24/2019  2019   205   570   4.232    1.34     162    7.60    15.7    20.6    12.2      74      99      48    1.02
 07/25/2019  2019   206   571   2.926    0.67     309    5.36    14.8    19.4     8.9      73      90      54    0.00
 07/26/2019  2019   207   572   4.566    1.14     157    7.60    13.6    18.9     6.1      65      96      46    0.00
 07/27/2019  2019   208   573   3.499    0.97     166    5.81    13.2    18.3     5.0      68      94      49    0.00
 07/28/2019  2019   209   574   3.421    0.58     334    6.26    11.5    18.3     3.3      86      99      59    5.08
 07/29/2019  2019   210   575   2.783    0.56     318    8.94    13.4    20.6     8.3      83      99      50    2.79
 07/30/2019  2019   211   576   5.399    0.69     302    4.92    14.2    21.1     5.6      70      98      45    0.00
 07/31/2019  2019   212   577   4.908    1.02     162    7.60    14.4    22.2     5.0      67      97      34    1.02
 08/01/2019  2019   213   578   1.119    0.52     218    2.68    11.5    13.3    10.0      96      98      91   18.03
 08/02/2019  2019   214   579   1.596    1.56     164    8.05    12.5    15.0     9.4      90      99      78   15.75
 08/03/2019  2019   215   580   1.805    1.81     150    8.94    15.5    18.3    13.9      81      98      68   29.46
 08/04/2019  2019   216   581   1.428    1.06     330    6.26    12.4    13.9    10.6      98      99      96   35.81
 08/05/2019  2019   217   582   1.742    0.26     242    2.68    13.9    16.7    11.7      97      99      90   13.21
 08/06/2019  2019   218   583   3.121    0.69     316    7.60    13.8    18.9    11.7      92      99      66    8.89
 08/07/2019  2019   219   584   1.770    0.73     333    6.71    11.6    16.1     4.4      93      99      70   17.53
 08/08/2019  2019   220   585   5.733    0.76     333    6.26    11.9    21.7     1.7      75     100      41    0.00
 08/09/2019  2019   221   586   1.937    0.78     350    7.15    12.5    17.2     7.8      80      96      64    0.00
 08/10/2019  2019   222   587   1.802    0.48     317    4.92    12.1    16.1     7.2      85      97      64    1.27
 08/11/2019  2019   223   588   6.105    0.78     351    5.36    13.0    21.1     3.9      69      99      39    0.00
 08/12/2019  2019   224   589   5.451    1.14     153    7.15    15.1    25.0     1.1      63      99      34    0.00
 08/13/2019  2019   225   590   1.253    0.95     180    6.71    15.0    17.2    12.8      89      97      62   13.46
 08/14/2019  2019   226   591   3.009    1.23     336    6.26    13.9    17.8    11.1      81      98      58    0.51
 08/15/2019  2019   227   592   1.307    0.58     329    4.02    11.9    13.9    10.6      95      98      90   13.46
 08/16/2019  2019   228   593   1.098    1.12     351   13.86    10.1    12.2     5.6      94      99      82   33.53
 08/17/2019  2019   229   594   4.534    1.47     326    8.94     8.9    14.4     3.3      74      94      47    0.25
 08/18/2019  2019   230   595   5.331    1.75     342    8.05     7.3    13.9     0.6      73      96      46    0.25
 08/19/2019  2019   231   596   5.571    0.82     226    5.81     6.7    16.7    -3.3      65      97      32    0.00
 08/20/2019  2019   232   597   5.142    1.02     319    6.71     6.5    16.1    -3.3      68      97      38    0.00
 08/21/2019  2019   233   598   2.550    0.50     159    4.02     7.9    15.0     1.1      77      92      52    0.00
 08/22/2019  2019   234   599   2.641    0.35     162    4.47     8.4    15.6     2.8      88      99      53    3.56
 08/23/2019  2019   235   600   2.932    0.78     256    7.15     7.8    13.9     2.8      82      99      50    5.33
 08/24/2019  2019   236   601   3.102    0.41     233    5.36     7.8    14.4     0.6      79      98      48    0.76
 08/25/2019  2019   237   602   3.451    0.71     183    7.15     8.5    17.2    -1.7      74      98      41    1.78
 08/26/2019  2019   238   603   3.639    0.37     166    4.92     9.7    16.1     5.6      84      99      55    2.03
 08/27/2019  2019   239   604   2.053    0.35     347    4.92     9.9    14.4     5.0      81      99      55    0.76
 08/28/2019  2019   240   605   3.479    1.10     348    7.60    10.0    16.7     3.3      79      98      56    0.00
 08/29/2019  2019   241   606   4.212    0.99     188    7.15     8.3    18.3    -1.7      77      99      42    0.00
 08/30/2019  2019   242   607   3.984    0.75     177    6.26     8.8    20.6    -2.2      70      98      31    0.00
 08/31/2019  2019   243   608   2.424    1.21     162    6.71    10.5    16.7     4.4      70      91      45    0.00
 09/01/2019  2019   244   609   1.852    2.23     172   11.18    13.6    17.2    11.1      60      74      48    0.00
 09/02/2019  2019   245   610   1.824    2.10     165    8.49    12.9    15.6    10.6      61      68      54    0.00
 09/03/2019  2019   246   611   1.996    0.80     170    5.81    10.2    16.1     6.7      81      99      54    3.81
 09/04/2019  2019   247   612   1.481    0.45     319    4.92     8.6    11.7     5.6      92      99      78    0.76
 09/05/2019  2019   248   613   3.829    1.32     174    8.05     9.4    17.2     2.2      71      99      37    0.00
 09/06/2019  2019   249   614   2.277    1.10     176    6.26     9.5    16.1     0.6      66      96      47    0.00
 09/07/2019  2019   250   615   2.506    1.73     179   11.18    12.7    18.3     8.3      52      79      31    0.00
 09/08/2019  2019   251   616   3.295    1.32     181    7.60    12.2    18.9     7.2      64      83      39    0.00
 09/09/2019  2019   252   617   2.186    1.38     173    7.15    10.9    16.7     4.4      71      88      44    0.00
 09/10/2019  2019   253   618   2.139    0.76     164    5.36     8.9    14.4     2.8      76      95      48    0.00
 09/11/2019  2019   254   619   2.890    1.38     155    7.15     9.7    15.6     3.3      67      97      41    0.00
 09/12/2019  2019   255   620   2.296    1.58     181    8.49    11.9    17.2     7.8      59      73      41    0.00
 09/13/2019  2019   256   621   2.510    1.38     241    7.60    13.1    22.2     6.1      60      86      30    0.00
 09/14/2019  2019   257   622   3.225    1.75     333    8.49     9.8    16.7     1.1      73      95      52    0.00
 09/15/2019  2019   258   623   2.146    0.99     176    6.26     7.8    17.2    -2.2      76      98      40    2.79
 09/16/2019  2019   259   624   1.500    1.16     321    7.60     6.9    10.6     4.4      90      98      70    9.40
 09/17/2019  2019   260   625   1.562    0.75     255    7.60     4.2     8.3     1.1      90      99      75    0.76
 09/18/2019  2019   261   626   0.937    0.91     177    4.92     7.3    11.1     2.8      88      97      69    2.03
 09/19/2019  2019   262   627   1.817    1.14     335    5.81     6.2     8.9     4.4      93      98      81    4.06
 09/20/2019  2019   263   628   1.421    1.12     276    8.94     5.2     7.8     3.3      93      99      84    2.54
 09/21/2019  2019   264   629   0.978    0.76     349    5.36     2.2     5.0    -3.3      86      95      70    2.29
 09/22/2019  2019   265   630   2.994    0.95     174    7.60     2.0    10.0    -5.0      73      97      43    0.00
 09/23/2019  2019   266   631   2.822    1.02      88    7.60     3.0    12.8    -4.4      73      96      43    0.00
 09/24/2019  2019   267   632   1.356    0.69     254    5.36     0.1     6.1    -5.6      85      96      61    0.00
 09/25/2019  2019   268   633   1.476    0.76     191    6.71    -0.0     6.7    -7.2      77      96      56    0.00
 09/26/2019  2019   269   634   2.205    0.89     345    5.36     0.8     6.7    -5.6      75      94      53    0.00
 09/27/2019  2019   270   635   1.968    1.01     164    6.26     0.4     8.9    -9.4      64      93      36    0.00
 09/28/2019  2019   271   636   1.501    2.23     168    9.84     6.3    10.0     1.7      47      59      36    0.00
 09/29/2019  2019   272   637   0.760    2.05     150    8.94     7.2    10.0     4.4      69      96      58    1.02
 09/30/2019  2019   273   638   1.352    0.75      15    5.81     5.3    10.0     3.3      89      98      63    3.05
 10/01/2019  2019   274   639   0.571    1.73     343    8.94     1.7     3.3     0.0      95      99      89    7.62
 10/02/2019  2019   275   640   0.718    0.13     284    2.68     0.8     3.9    -0.6      98      99      93   12.95
 10/03/2019  2019   276   641   0.803    0.58     175    4.02     0.5     5.6    -1.7      96      99      86    2.79
 10/04/2019  2019   277   642   0.385    1.34     169    7.60     2.0     3.9    -0.6      85      97      74    2.03
 10/05/2019  2019   278   643   1.194    0.63     187    8.94    -1.8     2.8    -6.1      78      95      58    0.00
 10/06/2019  2019   279   644   0.104    0.78     236   12.07    -2.3     0.0    -4.4      86      94      70    0.00
 10/07/2019  2019   280   645   1.059    0.88     290    5.81    -0.1     4.4    -2.8      79      96      62    4.83
 10/08/2019  2019   281   646   0.738    2.53     145   10.73     1.3     2.8    -1.1      69      76      64    0.25
 10/09/2019  2019   282   647   1.126    1.45     161    7.60     3.1     6.7     0.6      77      98      64    1.27
 10/10/2019  2019   283   648   0.480    1.64     329    8.05    -0.1     1.1    -1.1      97      98      94    1.52
 10/11/2019  2019   284   649   0.074    1.51     328    8.49    -1.9    -1.1    -2.8      91      97      84    0.00
 10/12/2019  2019   285   650   0.198    1.06     309    6.71    -5.1     0.0   -15.0      87      92      74    1.78
 10/13/2019  2019   286   651   0.565    0.50     183    3.13   -12.7     0.0   -18.9      79      88      50    1.52
 10/14/2019  2019   287   652   0.750    0.63     169    3.13   -12.9     1.1   -21.7      76      87      51    1.02
 10/15/2019  2019   288   653   1.046    0.65     172    3.13   -12.9    -1.1   -22.8      77      89      57    0.25
 10/16/2019  2019   289   654   1.071    0.56     180    4.47   -10.7     0.6   -17.2      81      89      57    0.51
 10/17/2019  2019   290   655   1.493    0.71     301    6.71    -9.4    -2.8   -16.1      84      91      68    0.51
 10/18/2019  2019   291   656   1.112    0.54     175    5.36    -9.8    -0.6   -16.7      83      92      62    0.51
 10/19/2019  2019   292   657   0.864    0.52     179    3.13    -5.9     5.0   -12.8      86      95      64    0.76
 10/20/2019  2019   293   658   0.743    0.69     166    3.13    -2.6     5.0    -6.1      91      97      67    1.02
 10/21/2019  2019   294   659   0.617    0.71     176    4.47    -4.3     3.3    -8.9      87      95      66    0.51
 10/22/2019  2019   295   660   0.568    0.89     170    5.81    -3.6     3.9   -11.1      78      94      62    0.76
 10/23/2019  2019   296   661   0.584    1.68     183    9.84     3.3     6.7     1.1      64      75      55    0.25
 10/24/2019  2019   297   662   0.427    1.38     189    7.15     3.1     5.6    -2.2      69      84      59    0.00
 10/25/2019  2019   298   663   0.216    1.14     269    6.71    -2.8     0.6    -7.2      85      96      68    0.76
 10/26/2019  2019   299   664   0.466    2.77     152   10.28     2.3     3.9     0.0      63      82      56    1.02
 10/27/2019  2019   300   665   0.338    3.06     160   11.62     5.8     7.2     3.3      61      73      50    0.00
 10/28/2019  2019   301   666   0.545    1.77     171    8.05     5.4     8.3     3.3      77      94      60    2.29
 10/29/2019  2019   302   667   0.709    1.43     182    8.94     3.8     6.1     2.2      78      93      62    0.51
 10/30/2019  2019   303   668   0.103    1.47     301    7.15    -1.2     2.8    -6.7      89      96      83    0.25
 10/31/2019  2019   304   669   0.228    0.95     183    4.47    -4.2     1.7   -10.6      86      93      78    0.00
 11/01/2019  2019   305   670   0.314    0.78     308    4.47    -2.4     2.8    -5.0      87      93      77    1.02
 11/02/2019  2019   306   671   0.104    1.60     339    7.15    -5.6    -3.9    -8.9      92      93      90    0.00
 11/03/2019  2019   307   672   0.159    1.06     338    5.36    -9.8    -7.8   -12.2      90      92      88    0.00
 11/04/2019  2019   308   673   0.198    0.56     191    2.23   -15.2   -10.0   -20.6      83      88      78    0.00
 11/05/2019  2019   309   674   0.132    1.25     173    7.15   -10.2     1.1   -21.7      77      90      61    0.00
 11/06/2019  2019   310   675   0.329    1.36     231    7.60     0.5     5.0    -5.6      78      94      66    4.32
 11/07/2019  2019   311   676   0.191    1.90     338    7.60    -6.3    -5.0    -7.8      90      93      88    0.00
 11/08/2019  2019   312   677   0.200    1.30     310    6.71    -8.8    -6.7   -13.9      89      91      85    0.00
 11/09/2019  2019   313   678   0.173    0.84     170    3.58   -13.6    -6.7   -17.2      86      90      81    0.00
 11/10/2019  2019   314   679   0.136    0.80     163    2.68   -11.9    -6.1   -16.1      87      92      82    0.00
 11/11/2019  2019   315   680   0.141    0.56     195    2.23   -12.7    -7.2   -16.1      87      90      84    0.00
 11/12/2019  2019   316   681   0.102    0.09     246    4.02   -17.0   -13.3   -23.3      81      87      75    0.00
 11/13/2019  2019   317   682   0.104    0.22     269    4.92   -18.2   -12.8   -24.4      80      85      74    0.00
 11/14/2019  2019   318   683   0.044    1.90     346    8.05   -13.1   -12.2   -15.0      81      86      77    0.00
 11/15/2019  2019   319   684   0.069    1.47     327    6.71   -15.0   -13.9   -17.2      79      82      77    0.00
 11/16/2019  2019   320   685   0.058    1.81     331    8.94   -16.2   -13.9   -18.9      79      81      76    0.00
 11/17/2019  2019   321   686   0.048    0.86     294    7.15   -17.5   -13.9   -18.9      80      82      78    0.00
 11/18/2019  2019   322   687   0.046    1.08     294    6.26   -18.2   -16.7   -21.7      79      82      77    0.00
 11/19/2019  2019   323   688   0.026    1.10     196    6.71    -5.9     1.1   -22.2      90      97      76    0.00
 11/20/2019  2019   324   689   0.179    1.96     173    8.05     2.0     3.3     0.6      78      96      62    6.35
 11/21/2019  2019   325   690   0.243    2.01     178    8.05     2.2     4.4     0.6      72      95      55    6.10
 11/22/2019  2019   326   691   0.185    1.53     182    8.05     1.8     4.4    -1.1      70      85      56    3.05
 11/23/2019  2019   327   692   0.196    1.28     284    5.81    -2.4     0.0    -5.6      81      88      69    0.00
 11/24/2019  2019   328   693   0.126    0.95     323    5.81    -7.5    -6.1    -8.9      86      91      69    0.00
 11/25/2019  2019   329   694   0.058    0.24     182    3.58   -19.2   -10.0   -27.8      78      86      70    0.00
 11/26/2019  2019   330   695   0.039    1.73     157    9.39   -14.9    -5.6   -28.3      63      82      52    0.00
 11/27/2019  2019   331   696   0.055    2.40     160   10.28    -3.0    -0.6    -5.6      71      94      58    0.00
 11/28/2019  2019   332   697   0.017    1.66     350    8.49    -2.2     0.6    -5.6      89      97      78    0.00
 11/29/2019  2019   333   698   0.027    0.99     198    5.81    -1.9     1.1    -6.1      93      96      82    0.00
 11/30/2019  2019   334   699   0.123    1.58     316    7.15    -4.3     1.7    -8.3      90      95      81    0.00
 12/01/2019  2019   335   700   0.025    1.82     339    7.15    -9.7    -6.7   -12.8      88      93      84    0.00
 12/02/2019  2019   336   701   0.021    1.71     334    6.71   -12.3   -11.7   -13.3      79      84      76    0.00
 12/03/2019  2019   337   702   0.019    0.95      36    5.36   -14.7   -12.2   -17.2      82      84      78    0.00
 12/04/2019  2019   338   703   0.024    0.45     313    4.47   -16.5   -15.0   -22.2      81      83      76    0.00
 12/05/2019  2019   339   704   0.022    0.54     162    2.68   -29.2   -21.7   -32.2      68      78      65    0.00
 12/06/2019  2019   340   705   0.043    1.34     188    5.81   -18.5    -3.9   -31.7      76      86      65    0.00
 12/07/2019  2019   341   706   0.005    1.84     181    9.39     0.6     3.9    -2.2      71      80      63    1.78
 12/08/2019  2019   342   707   0.090    1.47     186    7.60    -0.6     3.9    -5.6      77      92      58    7.37
 12/09/2019  2019   343   708   0.087    2.59     190   13.86     6.3    10.0     0.0      51      72      36    1.78
 12/10/2019  2019   344   709   0.082    0.86     172    4.47    -1.2     5.0    -7.8      87      95      64    0.00
 12/11/2019  2019   345   710   0.105    0.61     177    2.68   -10.7    -7.8   -13.3      90      94      86    0.00
 12/12/2019  2019   346   711   0.042    0.45     193    2.68   -16.7   -13.3   -20.0      83      87      79    0.00
 12/13/2019  2019   347   712   0.065    1.16     195    4.92    -6.0    -1.1   -12.2      85      94      65    0.00
 12/14/2019  2019   348   713   0.052    1.62     177    8.49    -3.0     2.2   -14.4      70      89      59    0.00
 12/15/2019  2019   349   714   0.052    0.97     185    4.47    -8.9    -1.7   -16.1      79      89      62    0.00
 12/16/2019  2019   350   715   0.040    0.76     172    3.58   -15.4   -11.1   -18.9      84      89      79    0.00
 12/17/2019  2019   351   716   0.054    0.54     192    2.23   -18.6   -13.9   -25.0      80      86      73    0.00
 12/18/2019  2019   352   717   0.046    0.67     321    4.47   -22.2   -20.6   -26.1      76      78      71    0.00
 12/19/2019  2019   353   718   0.039    1.56     331    7.15   -22.1   -20.6   -31.1      75      78      65    0.00
 12/20/2019  2019   354   719   0.027    0.28     188    1.79   -33.0   -31.1   -34.4      63      64      62    0.00
 12/21/2019  2019   355   720   0.046    0.15     215    4.02   -29.9   -26.7   -32.2      66      70      63    0.00
 12/22/2019  2019   356   721   0.028    0.41     184    2.23   -27.4   -16.7   -31.7      69      82      64    0.00
 12/23/2019  2019   357   722   0.040    0.54     310    4.47   -24.3   -17.2   -26.1      73      81      71    0.00
 12/24/2019  2019   358   723   0.039    1.28     327    6.71   -24.4   -22.8   -26.7      72      75      69    0.00
 12/25/2019  2019   359   724   0.037    1.71     328    7.60   -25.3   -24.4   -26.7      71      72      70    0.00
 12/26/2019  2019   360   725   0.028    2.53     348    9.39   -26.7   -25.0   -29.4      69      71      66    0.00
 12/27/2019  2019   361   726   0.020    1.01     272    8.05   -34.4   -29.4   -39.4      60      65      55    0.00
 12/28/2019  2019   362   727   0.029    1.19     309    6.71   -28.4   -25.0   -31.7      67      71      64    0.00
 12/29/2019  2019   363   728   0.011    0.89     213    6.71   -16.4    -2.2   -25.6      80      93      70    0.00
 12/30/2019  2019   364   729   0.026    1.45     301    6.71    -9.7    -0.6   -16.1      86      94      79    0.00
 12/31/2019  2019   365   730   0.040    2.33     264   11.18    -8.8     3.9   -17.8      80      94      67    2.79